   555 
   05
  5
   335
   8885
  88085
  8000 
  8000 
 0000 
 0008 
  1111 
  1111 
 111111
 11  11
 11  11
555 555E

   555 
   05
  5
   335
   8885
  88085
  8000 
  8000 
00000 
00008 
  1111 
  1111 
  1111 
  1 11 
  1 11 
 55555 E

 555   
50   
5  
533   
5888   
58088  
 0008  
 0008  
 0000 
 8000 
 1111  
 1111  
 1111  
 11 1  
 11 1  
 55555 E

 555   
50   
5  
533   
5888   
58088  
 0008  
 0008  
 00000
 80000
 1111  
 1111  
111111 
11  11 
11  11 
555 555E

  ;  
 ;>; 
;;;>;
;;;>;
 ;;; 
  ;  ELEVEL1:
THE BEGINNING
19
58
46
64
67
70
82
76
100
82
100
88
100
97
100
106
100
115
100
124
100
133
100
142
100
151
100
160
100
169
169
64
169
97
169
136
169
166
100
178
193
67
193
40
193
13
193
94
193
112
193
136
193
163
175
70
208
70
193
7
28
46
43
46
73
52
175
52
178
124
67
127
67
106
67
148
121
64
103
58
Level2
STAIRS TO HEAVEN
4
166
55
166
106
166
106
118
4
118
55
118
147
166
157
154
157
142
208
142
259
142
259
154
259
166
259
127
259
103
259
79
259
55
208
55
157
55
106
55
202
166
88
118
88
118
226
112
226
85
226
55
220
112
214
112
232
112
238
112
103
142
229
157
229
178
277
34
106
100
73
100
43
100
16
100
163
34
85
178
level3
THE EASY ONE
31
187
55
184
79
181
100
178
181
166
232
166
181
181
232
181
262
166
262
148
262
121
262
94
211
94
160
91
109
88
58
85
160
109
109
109
58
109
10
109
211
97
211
109
277
169
205
82
151
169
208
103
205
97
202
91
214
100
217
94
184
97
145
97
163
184
190
124
232
124
190
79
217
82
211
172
79
37
55
37
level4
THE THREE TOWERS
4
160
4
148
4
136
4
124
139
160
139
148
139
136
139
124
265
124
265
136
265
148
265
160
4
112
4
100
139
112
139
100
265
112
265
100
139
172
139
184
97
73
97
100
97
121
223
73
223
121
223
94
25
73
160
73
289
70
160
106
76
70
112
70
76
94
112
94
205
73
205
94
235
73
235
94
10
61
304
61
level5
FULLHOUSE
133
157
133
121
133
100
82
121
82
85
184
85
184
121
31
85
1
85
31
121
1
121
235
85
268
85
235
121
268
121
133
72
133
166
82
166
184
166
133
148
133
22
133
1
178
1
178
25
229
116
82
116
82
121
229
121
127
16
184
16
151
16
10
100
307
100
100
151
208
151
109
40
196
40
208
133
100
130
151
28
level6
SYMMETRICAL
4
49
55
49
106
49
157
49
208
49
259
49
268
49
4
76
55
76
106
76
157
76
139
61
208
76
259
76
271
76
139
100
139
124
139
142
139
160
139
172
88
43
58
43
28
25
223
43
250
43
280
25
139
82
187
82
139
112
187
112
118
148
208
58
10
34
292
34
100
58
292
160
268
154
244
154
64
151
160
10
level7:
WHERE'S THE LIFT?
43
130
43
115
43
100
43
85
94
130
145
130
196
130
247
130
283
148
283
166
283
184
43
70
199
100
199
85
199
70
-2
70
121
16
70
16
19
16
172
16
175
100
175
91
61
181
223
-8
19
-8
37
-8
55
-8
67
-8
97
-8
130
-8
10
31
100
166
16
79
16
94
16
109
172
64
190
118
16
124
10
46
25
40
level8
THE 5TH FLOOR
13
112
85
112
157
112
229
112
262
133
262
169
262
151
211
169
160
169
109
169
58
169
4
169
31
169
262
97
262
82
262
67
262
52
262
37
211
37
160
37
160
82
160
52
160
31
106
82
34
85
148
169
148
160
196
169
196
154
160
94
169
70
127
187
13
133
118
100
19
100
46
100
88
100
157
157
172
157
184
157
level9
BAD MONSTER
136
184
136
169
136
154
136
136
136
121
136
103
181
103
187
121
184
136
187
169
187
154
187
103
187
136
187
184
136
88
187
88
136
73
187
73
160
55
160
40
154
16
154
1
208
16
208
1
130
184
238
184
85
73
283
73
85
103
283
103
178
13
223
142
151
124
214
109
148
94
217
79
151
157
226
175
106
79
256
79
level10
THE CRYSTAL STORE
286
175
283
151
286
130
280
109
223
85
223
67
163
49
112
49
55
67
55
85
4
85
4
67
223
49
235
175
190
175
145
175
103
175
58
175
16
175
-2
175
217
49
217
61
211
49
211
61
106
49
106
61
91
169
157
169
226
169
157
46
91
55
244
37
190
160
121
160
154
142
223
139
91
139
250
163
64
163
154
22
level11
THE CATACOMB
133
118
82
118
31
118
184
118
235
118
31
79
82
79
133
79
184
79
235
79
-2
79
271
79
31
97
88
97
145
97
202
97
235
97
127
139
127
160
127
175
28
85
286
85
82
49
82
19
139
49
139
19
196
49
196
19
241
49
241
19
55
31
109
31
166
31
217
31
283
31
16
31
34
31
262
31
166
43
301
31
level12:}
THE TUNNELS
76
172
76
136
127
136
127
169
127
172
178
136
178
172
76
100
127
100
178
100
76
64
127
64
178
64
121
49
178
157
76
118
178
82
121
37
25
64
-2
64
76
70
76
55
76
106
223
58
223
88
223
118
223
142
118
1
172
1
223
28
142
7
13
31
88
70
208
106
88
142
127
7
160
7
202
25
187
25
193
34
level13
ROLLING STONES
46
166
46
151
46
133
46
115
46
97
46
79
178
79
178
97
178
115
178
133
178
151
178
166
112
148
112
118
112
79
178
64
46
64
46
49
178
49
112
37
133
7
133
-5
133
34
133
58
133
79
133
97
133
127
139
-5
127
-5
133
130
115
7
145
7
64
19
199
19
121
46
142
46
121
88
139
88
121
124
139
124
level14:->
ILLUSORY CAVES
274
166
274
148
202
130
127
115
61
100
-2
85
-2
64
64
49
133
37
199
46
265
46
265
40
265
43
265
37
265
34
265
31
265
28
265
25
265
22
274
181
226
121
148
106
85
91
163
28
235
37
307
4
295
10
64
184
94
184
124
184
277
28
19
40
211
118
232
16
85
34
16
139
76
163
109
163
97
88
172
25
LEVEL15!!!
THE LAST ORDEAL
142
172
142
157
142
142
142
124
193
124
244
124
268
106
244
85
193
85
112
85
61
85
10
85
10
70
10
46
61
46
136
46
211
46
286
46
265
172
265
184
109
79
82
79
220
115
226
115
214
115
232
115
238
115
97
79
121
79
70
79
301
10
283
145
25
52
37
7
157
7
232
7
232
52
172
85
193
46
283
112
  6666 
 660067
6660666
6666666
 >>666 
   676 
  76666
  67677
6676666
7666666
  66766
   667 
   666 
  66 6 
 76  66
666 667E